[gd_scene load_steps=11 format=3 uid="uid://h2ebsepmvony"]

[ext_resource type="Terrain3DStorage" uid="uid://cx6d743pw070h" path="res://Art/Terrain/SpecialTrack.res" id="1_oqtri"]
[ext_resource type="Terrain3DTextureList" uid="uid://bog6h20bkuvhl" path="res://Scenes/TrackTerrainTextures.tres" id="2_sl5fs"]
[ext_resource type="PackedScene" uid="uid://drhb3nt6jj5em" path="res://Art/3dModels/Stands.glb" id="3_5tdpq"]
[ext_resource type="PackedScene" uid="uid://bl1xic20t7hgt" path="res://Art/3dModels/Barrier.glb" id="4_a84ys"]
[ext_resource type="PackedScene" uid="uid://b1mt85rx8p3ud" path="res://Art/3dModels/TyreStack.glb" id="5_nvmbu"]
[ext_resource type="PackedScene" uid="uid://cbnjjjotxapeg" path="res://Art/3dModels/Barrier-Snow.glb" id="6_wdsq1"]
[ext_resource type="PackedScene" uid="uid://cnsg40b4ectno" path="res://Art/3dModels/Snowman/snowman.glb" id="7_xxp41"]
[ext_resource type="PackedScene" uid="uid://xrgwbaseorit" path="res://Art/3dModels/Snowman/snowmanBody.glb" id="8_dgfa5"]
[ext_resource type="PackedScene" uid="uid://by1qq43n1c0x7" path="res://Art/3dModels/Snowman/snowmanHead.glb" id="9_rr2yf"]
[ext_resource type="PackedScene" uid="uid://bi6rf7w3pdllj" path="res://Art/3dModels/Racecar.glb" id="10_j2xus"]

[node name="Environment" type="Node3D"]
transform = Transform3D(1, 0, 0, 0, 1, 0, 0, 0, 1, 9.87578, 12.9771, 87.1934)

[node name="Terrain3D" type="Terrain3D" parent="."]
storage = ExtResource("1_oqtri")
texture_list = ExtResource("2_sl5fs")

[node name="Start_EndLine" type="Node" parent="."]

[node name="Stands" type="Node" parent="Start_EndLine"]

[node name="Stands" parent="Start_EndLine/Stands" instance=ExtResource("3_5tdpq")]
transform = Transform3D(0.986121, 0, -0.166029, 0, 1, 0, 0.166029, 0, 0.986121, -339.649, -48.7027, -726.727)

[node name="Stands2" parent="Start_EndLine/Stands" instance=ExtResource("3_5tdpq")]
transform = Transform3D(0.986121, 0, -0.166029, 0, 1, 0, 0.166029, 0, 0.986121, -274.916, -48.7027, -716.137)

[node name="Stands3" parent="Start_EndLine/Stands" instance=ExtResource("3_5tdpq")]
transform = Transform3D(0.986121, 0, -0.166029, 0, 1, 0, 0.166029, 0, 0.986121, -206.26, -48.7027, -704.809)

[node name="Stands4" parent="Start_EndLine/Stands" instance=ExtResource("3_5tdpq")]
transform = Transform3D(0.986121, 0, -0.166029, 0, 1, 0, 0.166029, 0, 0.986121, -141.527, -48.7027, -694.219)

[node name="Stands5" parent="Start_EndLine/Stands" instance=ExtResource("3_5tdpq")]
transform = Transform3D(0.986121, 0, -0.166029, 0, 1, 0, 0.166029, 0, 0.986121, -74.0522, -48.4838, -682.686)

[node name="Stands6" parent="Start_EndLine/Stands" instance=ExtResource("3_5tdpq")]
transform = Transform3D(0.986121, 0, -0.166029, 0, 1, 0, 0.166029, 0, 0.986121, -9.31885, -48.4838, -672.096)

[node name="Stands7" parent="Start_EndLine/Stands" instance=ExtResource("3_5tdpq")]
transform = Transform3D(0.986121, 0, -0.166029, 0, 1, 0, 0.166029, 0, 0.986121, 59.3372, -48.4838, -660.768)

[node name="Stands8" parent="Start_EndLine/Stands" instance=ExtResource("3_5tdpq")]
transform = Transform3D(0.986121, 0, -0.166029, 0, 1, 0, 0.166029, 0, 0.986121, 124.07, -48.4838, -650.178)

[node name="Stands9" parent="Start_EndLine/Stands" instance=ExtResource("3_5tdpq")]
transform = Transform3D(0.986121, 0, -0.166029, 0, 1, 0, 0.166029, 0, 0.986121, 191.316, -48.4838, -639.03)

[node name="Stands10" parent="Start_EndLine/Stands" instance=ExtResource("3_5tdpq")]
transform = Transform3D(0.986121, 0, -0.166029, 0, 1, 0, 0.166029, 0, 0.986121, 256.05, -48.4838, -628.44)

[node name="Stands11" parent="Start_EndLine/Stands" instance=ExtResource("3_5tdpq")]
transform = Transform3D(0.986121, 0, -0.166029, 0, 1, 0, 0.166029, 0, 0.986121, 324.706, -48.4838, -617.112)

[node name="Stands12" parent="Start_EndLine/Stands" instance=ExtResource("3_5tdpq")]
transform = Transform3D(0.986121, 0, -0.166029, 0, 1, 0, 0.166029, 0, 0.986121, 389.439, -48.4838, -606.522)

[node name="Stands13" parent="Start_EndLine/Stands" instance=ExtResource("3_5tdpq")]
transform = Transform3D(-0.974398, 0, 0.224832, 0, 1, 0, -0.224832, 0, -0.974398, 383.003, -48.7027, -497.96)

[node name="Stands14" parent="Start_EndLine/Stands" instance=ExtResource("3_5tdpq")]
transform = Transform3D(-0.974398, 0, 0.224832, 0, 1, 0, -0.224832, 0, -0.974398, 319.021, -48.7027, -512.411)

[node name="Stands15" parent="Start_EndLine/Stands" instance=ExtResource("3_5tdpq")]
transform = Transform3D(-0.974398, 0, 0.224832, 0, 1, 0, -0.224832, 0, -0.974398, 251.167, -48.7027, -527.833)

[node name="Stands16" parent="Start_EndLine/Stands" instance=ExtResource("3_5tdpq")]
transform = Transform3D(-0.974398, 0, 0.224832, 0, 1, 0, -0.224832, 0, -0.974398, 187.185, -48.7027, -542.284)

[node name="Stands17" parent="Start_EndLine/Stands" instance=ExtResource("3_5tdpq")]
transform = Transform3D(-0.974398, 0, 0.224832, 0, 1, 0, -0.224832, 0, -0.974398, 120.523, -48.4838, -557.84)

[node name="Stands18" parent="Start_EndLine/Stands" instance=ExtResource("3_5tdpq")]
transform = Transform3D(-0.974398, 0, 0.224832, 0, 1, 0, -0.224832, 0, -0.974398, 56.5404, -48.4838, -572.291)

[node name="Stands19" parent="Start_EndLine/Stands" instance=ExtResource("3_5tdpq")]
transform = Transform3D(-0.987175, 0, 0.15964, 0, 1, 0, -0.15964, 0, -0.987175, -9.50801, -48.4838, -584.723)

[node name="Stands20" parent="Start_EndLine/Stands" instance=ExtResource("3_5tdpq")]
transform = Transform3D(-0.987175, 0, 0.15964, 0, 1, 0, -0.15964, 0, -0.987175, -74.3085, -48.4838, -594.894)

[node name="Stands21" parent="Start_EndLine/Stands" instance=ExtResource("3_5tdpq")]
transform = Transform3D(-0.987175, 0, 0.15964, 0, 1, 0, -0.15964, 0, -0.987175, -141.625, -48.4838, -605.606)

[node name="Stands22" parent="Start_EndLine/Stands" instance=ExtResource("3_5tdpq")]
transform = Transform3D(-0.987175, 0, 0.15964, 0, 1, 0, -0.15964, 0, -0.987175, -206.426, -48.4838, -615.776)

[node name="Stands23" parent="Start_EndLine/Stands" instance=ExtResource("3_5tdpq")]
transform = Transform3D(-0.987175, 0, 0.15964, 0, 1, 0, -0.15964, 0, -0.987175, -275.154, -48.4838, -626.66)

[node name="Stands24" parent="Start_EndLine/Stands" instance=ExtResource("3_5tdpq")]
transform = Transform3D(-0.987175, 0, 0.15964, 0, 1, 0, -0.15964, 0, -0.987175, -339.954, -48.4838, -636.83)

[node name="Barriers" type="Node" parent="Start_EndLine"]

[node name="Barrier" parent="Start_EndLine/Barriers" instance=ExtResource("4_a84ys")]
transform = Transform3D(-0.574962, 0, -0.81818, 0, 1, 0, 0.81818, 0, -0.574962, 513.317, -45.6086, -558.175)

[node name="Barrier2" parent="Start_EndLine/Barriers" instance=ExtResource("4_a84ys")]
transform = Transform3D(-0.574962, 0, -0.81818, 0, 1, 0, 0.81818, 0, -0.574962, 522.696, -45.6086, -551.578)

[node name="Barrier3" parent="Start_EndLine/Barriers" instance=ExtResource("4_a84ys")]
transform = Transform3D(-0.574962, 0, -0.81818, 0, 1, 0, 0.81818, 0, -0.574962, 532.08, -45.6086, -544.989)

[node name="Barrier4" parent="Start_EndLine/Barriers" instance=ExtResource("4_a84ys")]
transform = Transform3D(-0.574962, 0, -0.81818, 0, 1, 0, 0.81818, 0, -0.574962, 541.459, -45.6086, -538.393)

[node name="Barrier5" parent="Start_EndLine/Barriers" instance=ExtResource("4_a84ys")]
transform = Transform3D(-0.574962, 0, -0.81818, 0, 1, 0, 0.81818, 0, -0.574962, 550.822, -45.6086, -531.819)

[node name="Barrier6" parent="Start_EndLine/Barriers" instance=ExtResource("4_a84ys")]
transform = Transform3D(-0.574962, 0, -0.81818, 0, 1, 0, 0.81818, 0, -0.574962, 560.201, -45.6086, -525.222)

[node name="Barrier7" parent="Start_EndLine/Barriers" instance=ExtResource("4_a84ys")]
transform = Transform3D(-0.574962, 0, -0.81818, 0, 1, 0, 0.81818, 0, -0.574962, 569.585, -45.6086, -518.634)

[node name="Barrier8" parent="Start_EndLine/Barriers" instance=ExtResource("4_a84ys")]
transform = Transform3D(-0.574962, 0, -0.81818, 0, 1, 0, 0.81818, 0, -0.574962, 578.964, -45.6086, -512.037)

[node name="Barrier17" parent="Start_EndLine/Barriers" instance=ExtResource("4_a84ys")]
transform = Transform3D(-0.901289, 0, -0.433219, 0, 1, 0, 0.433219, 0, -0.901289, 586.842, -45.7273, -503.637)

[node name="Barrier18" parent="Start_EndLine/Barriers" instance=ExtResource("4_a84ys")]
transform = Transform3D(-0.901289, 0, -0.433219, 0, 1, 0, 0.433219, 0, -0.901289, 591.805, -45.7273, -493.3)

[node name="Barrier19" parent="Start_EndLine/Barriers" instance=ExtResource("4_a84ys")]
transform = Transform3D(-0.901289, 0, -0.433219, 0, 1, 0, 0.433219, 0, -0.901289, 596.776, -45.7273, -482.968)

[node name="Barrier20" parent="Start_EndLine/Barriers" instance=ExtResource("4_a84ys")]
transform = Transform3D(-0.901289, 0, -0.433219, 0, 1, 0, 0.433219, 0, -0.901289, 601.74, -45.7273, -472.631)

[node name="Barrier21" parent="Start_EndLine/Barriers" instance=ExtResource("4_a84ys")]
transform = Transform3D(-0.901289, 0, -0.433219, 0, 1, 0, 0.433219, 0, -0.901289, 606.7, -45.7273, -462.323)

[node name="Barrier22" parent="Start_EndLine/Barriers" instance=ExtResource("4_a84ys")]
transform = Transform3D(-0.901289, 0, -0.433219, 0, 1, 0, 0.433219, 0, -0.901289, 611.663, -45.7273, -451.986)

[node name="Barrier23" parent="Start_EndLine/Barriers" instance=ExtResource("4_a84ys")]
transform = Transform3D(-0.901289, 0, -0.433219, 0, 1, 0, 0.433219, 0, -0.901289, 616.635, -45.7273, -441.654)

[node name="Barrier24" parent="Start_EndLine/Barriers" instance=ExtResource("4_a84ys")]
transform = Transform3D(-0.901289, 0, -0.433219, 0, 1, 0, 0.433219, 0, -0.901289, 621.598, -45.7273, -431.317)

[node name="TireStacks" type="Node" parent="Start_EndLine"]

[node name="Afraid to Disappoint" type="Node" parent="."]

[node name="Stands" type="Node" parent="Afraid to Disappoint"]

[node name="Stands2" parent="Afraid to Disappoint/Stands" instance=ExtResource("3_5tdpq")]
transform = Transform3D(-0.233395, 0, -0.972382, 0, 1, 0, 0.972382, 0, -0.233395, 610.818, -40.1814, -197.655)

[node name="Stands3" parent="Afraid to Disappoint/Stands" instance=ExtResource("3_5tdpq")]
transform = Transform3D(-0.0889813, 0, -0.996033, 0, 1, 0, 0.996033, 0, -0.0889813, 595.949, -40.5925, -113.362)

[node name="Barriers" type="Node" parent="Afraid to Disappoint"]

[node name="Barrier" parent="Afraid to Disappoint/Barriers" instance=ExtResource("4_a84ys")]
transform = Transform3D(-0.987072, 0, -0.160277, 0, 1, 0, 0.160277, 0, -0.987072, 491.119, -46.2717, -37.3403)

[node name="Barrier2" parent="Afraid to Disappoint/Barriers" instance=ExtResource("4_a84ys")]
transform = Transform3D(-0.987072, 0, -0.160277, 0, 1, 0, 0.160277, 0, -0.987072, 492.952, -46.2717, -26.0214)

[node name="Barrier3" parent="Afraid to Disappoint/Barriers" instance=ExtResource("4_a84ys")]
transform = Transform3D(-0.987072, 0, -0.160277, 0, 1, 0, 0.160277, 0, -0.987072, 494.795, -46.2717, -14.7042)

[node name="Barrier4" parent="Afraid to Disappoint/Barriers" instance=ExtResource("4_a84ys")]
transform = Transform3D(-0.987072, 0, -0.160277, 0, 1, 0, 0.160277, 0, -0.987072, 496.628, -46.2717, -3.38522)

[node name="Barrier5" parent="Afraid to Disappoint/Barriers" instance=ExtResource("4_a84ys")]
transform = Transform3D(-0.987072, 0, -0.160277, 0, 1, 0, 0.160277, 0, -0.987072, 498.466, -46.2717, 7.90608)

[node name="Barrier6" parent="Afraid to Disappoint/Barriers" instance=ExtResource("4_a84ys")]
transform = Transform3D(-0.987072, 0, -0.160277, 0, 1, 0, 0.160277, 0, -0.987072, 500.299, -46.2717, 19.225)

[node name="Barrier7" parent="Afraid to Disappoint/Barriers" instance=ExtResource("4_a84ys")]
transform = Transform3D(-0.987072, 0, -0.160277, 0, 1, 0, 0.160277, 0, -0.987072, 502.142, -46.2717, 30.5422)

[node name="Barrier8" parent="Afraid to Disappoint/Barriers" instance=ExtResource("4_a84ys")]
transform = Transform3D(-0.987072, 0, -0.160277, 0, 1, 0, 0.160277, 0, -0.987072, 503.975, -46.2717, 41.8612)

[node name="TireStacks" type="Node" parent="Afraid to Disappoint"]

[node name="TyreStack" parent="Afraid to Disappoint/TireStacks" instance=ExtResource("5_nvmbu")]
transform = Transform3D(1, 0, 0, 0, 1, 0, 0, 0, 1, 624.718, -48.3245, -424.336)

[node name="TyreStack2" parent="Afraid to Disappoint/TireStacks" instance=ExtResource("5_nvmbu")]
transform = Transform3D(1, 0, 0, 0, 1, 0, 0, 0, 1, 624.671, -48.1829, -422.341)

[node name="Past Experiences" type="Node" parent="."]

[node name="Stands" type="Node" parent="Past Experiences"]

[node name="Barriers" type="Node" parent="Past Experiences"]

[node name="Barrier-Snow" parent="Past Experiences/Barriers" instance=ExtResource("6_wdsq1")]
transform = Transform3D(0.809663, 0, -0.586895, 0, 1, 0, 0.586895, 0, 0.809663, -409.704, -47.8594, 264.336)

[node name="Barrier-Snow2" parent="Past Experiences/Barriers" instance=ExtResource("6_wdsq1")]
transform = Transform3D(0.543189, 0, -0.83961, 0, 1, 0, 0.83961, 0, 0.543189, -400.064, -47.1884, 255.329)

[node name="Barrier-Snow3" parent="Past Experiences/Barriers" instance=ExtResource("6_wdsq1")]
transform = Transform3D(0.543189, 0, -0.83961, 0, 1, 0, 0.83961, 0, 0.543189, -389.677, -45.8395, 248.541)

[node name="TireStacks" type="Node" parent="Past Experiences"]

[node name="Snowmen" type="Node" parent="Past Experiences"]

[node name="snowman" parent="Past Experiences/Snowmen" instance=ExtResource("7_xxp41")]
transform = Transform3D(1, 0, 0, 0, 1, 0, 0, 0, 1, -414.091, -50.3451, 263.392)

[node name="snowman2" parent="Past Experiences/Snowmen" instance=ExtResource("7_xxp41")]
transform = Transform3D(0.892286, 0.028972, -0.450541, 0.0107572, 0.996291, 0.085371, 0.451343, -0.0810219, 0.888665, -403.163, -47.6229, 254.163)

[node name="snowman3" parent="Past Experiences/Snowmen" instance=ExtResource("7_xxp41")]
transform = Transform3D(0.892286, 0.028972, -0.450541, -0.0746283, 0.993676, -0.0839014, 0.44526, 0.108487, 0.888805, -392.686, -46.4472, 247.395)

[node name="snowman4" parent="Past Experiences/Snowmen" instance=ExtResource("7_xxp41")]
transform = Transform3D(0.992385, 0.0822715, 0.0916686, -0.0746283, 0.993676, -0.0839014, -0.0979915, 0.0764214, 0.992249, -427.195, 0.189157, 274.484)

[node name="snowmanBody" parent="Past Experiences/Snowmen" instance=ExtResource("8_dgfa5")]
transform = Transform3D(0.741227, -0.427137, -0.517819, 0.350155, 0.904187, -0.244617, 0.57269, 0, 0.819772, -992.594, -50.2697, 677.254)

[node name="snowmanHead" parent="Past Experiences/Snowmen" instance=ExtResource("9_rr2yf")]
transform = Transform3D(0.725383, -0.302364, -0.618381, 0.384746, 0.923022, 0, 0.570779, -0.23792, 0.785878, -1036.75, -42.1176, 684.648)

[node name="Cars" type="Node" parent="Past Experiences"]

[node name="Racecar" parent="Past Experiences/Cars" instance=ExtResource("10_j2xus")]
transform = Transform3D(-0.362339, -0.565399, -0.740968, -0.248378, 0.824818, -0.507922, 0.898342, 0, -0.439296, -34.4313, -43.2325, 649.928)

[node name="Racecar2" parent="Past Experiences/Cars" instance=ExtResource("10_j2xus")]
transform = Transform3D(0.199577, -0.311769, -0.928961, -0.285246, 0.888491, -0.359469, 0.937445, 0.336725, 0.0883911, -339.88, -41.532, 675.647)

[node name="Racecar3" parent="Past Experiences/Cars" instance=ExtResource("10_j2xus")]
transform = Transform3D(0.199577, -0.311769, -0.928961, -0.285246, 0.888491, -0.359469, 0.937445, 0.336725, 0.0883911, -489.509, -43.8723, 653.185)

[node name="Racecar4" parent="Past Experiences/Cars" instance=ExtResource("10_j2xus")]
transform = Transform3D(0.199577, -0.311769, -0.928961, -0.285246, 0.888491, -0.359469, 0.937445, 0.336725, 0.0883911, -642.88, -43.8723, 695.757)

[node name="Racecar5" parent="Past Experiences/Cars" instance=ExtResource("10_j2xus")]
transform = Transform3D(-0.126991, -0.533547, -0.836182, 0.843905, 0.384884, -0.373748, 0.521246, -0.753121, 0.401386, -637.519, -43.8723, 690.814)

[node name="Racecar6" parent="Past Experiences/Cars" instance=ExtResource("10_j2xus")]
transform = Transform3D(-0.0608211, 0.340029, -0.938446, 0.843546, -0.485106, -0.23044, -0.533602, -0.805638, -0.257326, -647.53, -42.0824, 699.817)

[node name="Racecar7" parent="Past Experiences/Cars" instance=ExtResource("10_j2xus")]
transform = Transform3D(-0.0386076, -0.966607, -0.253339, -0.0644946, 0.25541, -0.964679, 0.997171, -0.0209049, -0.0722016, -1005.8, -47.3191, 676.551)

[node name="Racecar8" parent="Past Experiences/Cars" instance=ExtResource("10_j2xus")]
transform = Transform3D(-0.68787, -0.392052, -0.610844, -0.0200831, 0.851534, -0.523916, 0.725556, -0.348118, -0.593618, -1221.24, -43.4288, 661.765)

[node name="Racecar9" parent="Past Experiences/Cars" instance=ExtResource("10_j2xus")]
transform = Transform3D(-0.68787, -0.392052, -0.610844, -0.0200831, 0.851534, -0.523916, 0.725556, -0.348118, -0.593618, -1287.78, -42.3682, 690.178)

[node name="Racecar10" parent="Past Experiences/Cars" instance=ExtResource("10_j2xus")]
transform = Transform3D(-0.68787, -0.392052, -0.610844, -0.0200831, 0.851534, -0.523916, 0.725556, -0.348118, -0.593618, -1417.57, -42.3682, 674.422)

[node name="Racecar11" parent="Past Experiences/Cars" instance=ExtResource("10_j2xus")]
transform = Transform3D(-0.19127, 0.335235, -0.922515, -0.188418, 0.909848, 0.369698, 0.963283, 0.244531, -0.110862, -1766.74, -33.4744, 687.828)

[node name="Racecar12" parent="Past Experiences/Cars" instance=ExtResource("10_j2xus")]
transform = Transform3D(0.389222, 0.414796, -0.822466, -0.188418, 0.909848, 0.369698, 0.901667, 0.0110732, 0.432288, -1773.29, -21.6852, 744.019)

[node name="Racecar13" parent="Past Experiences/Cars" instance=ExtResource("10_j2xus")]
transform = Transform3D(0.209997, -0.885096, -0.41534, 0.378017, 0.465278, -0.800387, 0.901667, 0.0110732, 0.432288, -1754.21, -43.0946, 727.279)

[node name="Racecar14" parent="Past Experiences/Cars" instance=ExtResource("10_j2xus")]
transform = Transform3D(0.209997, -0.885096, -0.41534, 0.378017, 0.465278, -0.800387, 0.901667, 0.0110732, 0.432288, -2018.68, -43.0946, 727.279)

[node name="Racecar15" parent="Past Experiences/Cars" instance=ExtResource("10_j2xus")]
transform = Transform3D(-0.0251117, 0.999326, 0.0267804, -0.4317, -0.0350025, 0.901338, 0.901667, 0.0110732, 0.432288, -2018.68, -43.0946, 718.816)

[node name="Racecar16" parent="Past Experiences/Cars" instance=ExtResource("10_j2xus")]
transform = Transform3D(-0.428956, 0.886992, -0.171005, -0.4317, -0.0350025, 0.901338, 0.793493, 0.460457, 0.397929, -2012.02, -43.0946, 726.323)

[node name="Racecar17" parent="Past Experiences/Cars" instance=ExtResource("10_j2xus")]
transform = Transform3D(0.399389, 0.0993621, -0.911381, 0.388191, 0.882265, 0.266303, 0.830539, -0.460149, 0.313796, -2014.99, -48.0947, 718.013)

[node name="Racecar18" parent="Past Experiences/Cars" instance=ExtResource("10_j2xus")]
transform = Transform3D(0.399389, 0.0993621, -0.911381, 0.388191, 0.882265, 0.266303, 0.830539, -0.460149, 0.313796, -2025.8, -48.0947, 713.526)

[node name="Racecar19" parent="Past Experiences/Cars" instance=ExtResource("10_j2xus")]
transform = Transform3D(-0.597813, -0.0501812, -0.800063, 0.556931, 0.691848, -0.459536, 0.576582, -0.720297, -0.385648, -2011.4, -47.7314, 728.539)

[node name="Self Doubt" type="Node" parent="."]

[node name="Stands" type="Node" parent="Self Doubt"]

[node name="Barriers" type="Node" parent="Self Doubt"]

[node name="TireStacks" type="Node" parent="Self Doubt"]

[node name="Fake Faces" type="Node" parent="."]

[node name="Stands" type="Node" parent="Fake Faces"]

[node name="Barriers" type="Node" parent="Fake Faces"]

[node name="TireStacks" type="Node" parent="Fake Faces"]

[node name="Fear of Unknown" type="Node" parent="."]

[node name="Stands" type="Node" parent="Fear of Unknown"]

[node name="Barriers" type="Node" parent="Fear of Unknown"]

[node name="TireStacks" type="Node" parent="Fear of Unknown"]

[node name="Quick References" type="Node" parent="."]

[node name="8 long barrier" type="Node" parent="Quick References"]

[node name="Barrier" parent="Quick References/8 long barrier" instance=ExtResource("4_a84ys")]
transform = Transform3D(1, 0, 0, 0, 1, 0, 0, 0, 1, -300.55, 137.243, -1156.58)

[node name="Barrier2" parent="Quick References/8 long barrier" instance=ExtResource("4_a84ys")]
transform = Transform3D(1, 0, 0, 0, 1, 0, 0, 0, 1, -300.546, 137.243, -1168.04)

[node name="Barrier3" parent="Quick References/8 long barrier" instance=ExtResource("4_a84ys")]
transform = Transform3D(1, 0, 0, 0, 1, 0, 0, 0, 1, -300.55, 137.243, -1179.51)

[node name="Barrier4" parent="Quick References/8 long barrier" instance=ExtResource("4_a84ys")]
transform = Transform3D(1, 0, 0, 0, 1, 0, 0, 0, 1, -300.546, 137.243, -1190.98)

[node name="Barrier5" parent="Quick References/8 long barrier" instance=ExtResource("4_a84ys")]
transform = Transform3D(1, 0, 0, 0, 1, 0, 0, 0, 1, -300.55, 137.243, -1202.42)

[node name="Barrier6" parent="Quick References/8 long barrier" instance=ExtResource("4_a84ys")]
transform = Transform3D(1, 0, 0, 0, 1, 0, 0, 0, 1, -300.546, 137.243, -1213.88)

[node name="Barrier7" parent="Quick References/8 long barrier" instance=ExtResource("4_a84ys")]
transform = Transform3D(1, 0, 0, 0, 1, 0, 0, 0, 1, -300.55, 137.243, -1225.35)

[node name="Barrier8" parent="Quick References/8 long barrier" instance=ExtResource("4_a84ys")]
transform = Transform3D(1, 0, 0, 0, 1, 0, 0, 0, 1, -300.546, 137.243, -1236.82)
